2
14

8 6 6 1 6 4 6 7 2 4 2 2 1 3

0 36 52 73 6 40 31 87 53 88 91 56 40 26
97 0 48 85 47 39 45 63 86 75 25 18 8 57
93 25 0 90 85 98 93 43 84 13 90 71 76 56
32 3 12 0 73 100 25 70 29 49 20 44 29 38
89 66 91 96 0 76 56 75 27 75 25 55 10 54
78 91 100 79 9 0 79 49 34 54 52 78 6 39
77 31 19 54 92 23 0 5 73 86 48 78 16 71
92 88 57 66 83 70 48 0 32 23 41 4 83 14
8 65 48 56 20 31 91 12 0 36 7 93 42 58
13 14 24 10 57 12 26 82 83 0 73 83 66 47
57 97 7 86 3 27 17 64 21 9 0 39 29 95
93 61 74 39 23 52 73 81 99 42 41 0 33 82
54 55 92 39 60 13 7 53 31 27 84 12 0 4
1 3 96 63 62 91 15 54 86 72 47 28 56 0

