3
15

6 5 6 6 8 4 3 7 7 4 8 1 2 4 6

0 2 11 9 9 10 8 9 5 12 2 6 11 5 11
4 0 8 3 9 6 12 2 11 3 10 11 2 8 5
11 6 0 9 8 3 3 13 9 9 13 2 7 7 11
5 5 4 0 11 11 13 8 3 6 5 3 2 10 9
2 12 2 4 0 8 5 1 12 12 10 12 13 6 6
9 13 4 13 8 0 10 10 11 2 3 13 8 5 12
9 3 8 7 3 6 0 11 4 7 11 10 3 9 12
7 11 5 10 12 6 9 0 5 5 10 12 8 10 3
6 12 11 13 4 11 9 10 0 11 4 13 4 13 1
6 2 13 1 3 4 10 13 9 0 13 5 1 13 4
8 10 4 11 4 10 7 13 4 7 0 12 6 9 13
12 13 12 7 3 3 3 11 3 3 2 0 8 6 10
8 11 1 11 11 12 8 12 6 1 6 1 0 6 2
4 5 1 5 2 2 12 3 7 4 1 13 6 0 4
2 5 4 9 1 6 13 1 9 10 11 7 5 1 0